51,0
50,0
2,0
1,0
4,1
4,3
4,0
51,1
51,3
51,2
50,3
50,2
50,1
49,3
49,2
49,1
49,0
48,5
48,4
48,3
48,2
48,1
48,0
47,4
47,3
47,2
47,1
47,0
46,3
46,2
46,1
46,0
45,3
45,2
45,1
16,0
45,0
44,3
44,2
44,1
44,0
35,3
35,1
29,3
29,1
29,0
25,3
25,1
25,0
23,3
23,1
23,0
22,3
22,1
22,0
21,3
21,1
21,0
20,3
20,1
20,0
19,3
19,1
19,0
18,3
18,1
18,0
17,1
17,3
16,1
16,3
15,1
15,3
12,1
12,3
10,1
10,3
9,1
9,3
6,1
6,4
5,1
5,3
2,6
2,5
2,4
2,3
2,1
1,1
1,3
0,412
11,1
11,3
11,0
0,9
0,310
0,305
0,308
0,304
0,303
0,302
0,307
0,12
0,411
0,10
0,8
0,0
0,409
0,300
0,407
0,299
0,410
0,298
0,297
0,296
0,295
0,294
0,293
0,292
0,291
0,290
0,289
0,288
0,287
0,286
0,285
0,284
0,283
0,282
0,281
0,280
0,279
0,278
0,277
0,399
0,276
0,398
0,275
0,400
0,274
0,396
0,273
0,395
0,272
0,397
0,271
0,393
0,270
0,392
0,269
0,394
0,268
0,267
0,266
0,265
0,264
0,263
0,406
0,262
0,405
0,261
0,404
0,260
0,259
0,403
0,258
0,388
0,257
0,387
0,256
0,386
0,255
0,385
0,254
0,372
0,253
0,384
0,252
0,383
0,251
0,371
0,250
0,370
0,249
0,382
0,248
0,381
0,247
0,380
0,246
0,402
0,245
0,401
0,244
0,379
0,242
0,378
0,241
0,369
0,240
0,377
0,239
0,391
0,238
0,390
0,237
0,376
0,236
0,375
0,235
0,374
0,234
0,373
0,233
0,389
0,232
0,368
0,231
0,367
0,230
0,366
0,229
0,365
0,228
0,364
0,227
0,363
0,226
0,362
0,225
0,361
0,224
0,360
0,223
0,359
0,222
0,358
0,221
0,357
0,220
0,356
0,219
0,355
0,218
0,354
0,217
0,353
0,216
0,352
0,215
